+----------------------------------------------------------------------------------------------------------------------------------------------------------------------------------------------------------------------------------------------------------------------+
; Legal Partition Candidates                                                                                                                                                                                                                                           ;
+-----------------------------------------------------------------+-------+----------------+--------------+----------------+--------+-----------------+---------------+-----------------+-------+----------------+--------------+------------------+-------------------+
; Hierarchy                                                       ; Input ; Constant Input ; Unused Input ; Floating Input ; Output ; Constant Output ; Unused Output ; Floating Output ; Bidir ; Constant Bidir ; Unused Bidir ; Input only Bidir ; Output only Bidir ;
+-----------------------------------------------------------------+-------+----------------+--------------+----------------+--------+-----------------+---------------+-----------------+-------+----------------+--------------+------------------+-------------------+
; u_led_mm                                                        ; 68    ; 0              ; 22           ; 0              ; 10     ; 0               ; 0             ; 0               ; 33    ; 0              ; 0            ; 0                ; 0                 ;
; u_timer                                                         ; 68    ; 0              ; 32           ; 0              ; 0      ; 0               ; 0             ; 0               ; 33    ; 0              ; 0            ; 0                ; 0                 ;
; u_IPU_wrapper|u_async_fifo                                      ; 28    ; 2              ; 0            ; 2              ; 24     ; 2               ; 2             ; 2               ; 0     ; 0              ; 0            ; 0                ; 0                 ;
; u_IPU_wrapper|u_IPU|u_group_detection                           ; 15    ; 0              ; 0            ; 0              ; 24     ; 0               ; 0             ; 0               ; 0     ; 0              ; 0            ; 0                ; 0                 ;
; u_IPU_wrapper|u_IPU|u_color_filter_unified                      ; 61    ; 24             ; 24           ; 24             ; 37     ; 24              ; 24            ; 24              ; 0     ; 0              ; 0            ; 0                ; 0                 ;
; u_IPU_wrapper|u_IPU                                             ; 61    ; 20             ; 0            ; 20             ; 24     ; 20              ; 20            ; 20              ; 0     ; 0              ; 0            ; 0                ; 0                 ;
; u_IPU_wrapper                                                   ; 107   ; 0              ; 35           ; 0              ; 0      ; 0               ; 0             ; 0               ; 33    ; 0              ; 0            ; 0                ; 0                 ;
; u_RAW2RGB|u0|ALTSHIFT_TAPS_component|auto_generated|cntr1|cmpr4 ; 22    ; 0              ; 0            ; 0              ; 1      ; 0               ; 0             ; 0               ; 0     ; 0              ; 0            ; 0                ; 0                 ;
; u_RAW2RGB|u0|ALTSHIFT_TAPS_component|auto_generated|cntr1       ; 2     ; 0              ; 0            ; 0              ; 11     ; 0               ; 0             ; 0               ; 0     ; 0              ; 0            ; 0                ; 0                 ;
; u_RAW2RGB|u0|ALTSHIFT_TAPS_component|auto_generated|altsyncram2 ; 49    ; 1              ; 0            ; 1              ; 24     ; 1               ; 1             ; 1               ; 0     ; 0              ; 0            ; 0                ; 0                 ;
; u_RAW2RGB|u0|ALTSHIFT_TAPS_component|auto_generated             ; 14    ; 0              ; 0            ; 0              ; 36     ; 0               ; 0             ; 0               ; 0     ; 0              ; 0            ; 0                ; 0                 ;
; u_RAW2RGB|u0                                                    ; 14    ; 0              ; 0            ; 0              ; 24     ; 0               ; 0             ; 0               ; 0     ; 0              ; 0            ; 0                ; 0                 ;
; u_RAW2RGB                                                       ; 37    ; 0              ; 20           ; 0              ; 37     ; 0               ; 0             ; 0               ; 0     ; 0              ; 0            ; 0                ; 0                 ;
; uCCD_Capture                                                    ; 18    ; 31             ; 0            ; 31             ; 77     ; 31              ; 31            ; 31              ; 0     ; 0              ; 0            ; 0                ; 0                 ;
; u8|u0                                                           ; 35    ; 0              ; 0            ; 0              ; 3      ; 0               ; 0             ; 0               ; 1     ; 0              ; 0            ; 0                ; 0                 ;
; u8                                                              ; 5     ; 0              ; 0            ; 0              ; 1      ; 0               ; 0             ; 0               ; 1     ; 0              ; 0            ; 0                ; 0                 ;
; u_spart|iBUS_INTF                                               ; 68    ; 0              ; 24           ; 0              ; 2      ; 0               ; 0             ; 0               ; 41    ; 0              ; 0            ; 0                ; 0                 ;
; u_spart|iBAUD_GEN                                               ; 2     ; 0              ; 0            ; 0              ; 1      ; 0               ; 0             ; 0               ; 0     ; 0              ; 0            ; 0                ; 0                 ;
; u_spart|iSPART_RX                                               ; 5     ; 0              ; 0            ; 0              ; 1      ; 0               ; 0             ; 0               ; 8     ; 0              ; 0            ; 0                ; 0                 ;
; u_spart|iSPART_TX                                               ; 4     ; 0              ; 0            ; 0              ; 2      ; 0               ; 0             ; 0               ; 8     ; 0              ; 0            ; 0                ; 0                 ;
; u_spart                                                         ; 69    ; 0              ; 0            ; 0              ; 1      ; 0               ; 0             ; 0               ; 33    ; 0              ; 0            ; 0                ; 0                 ;
; u_cpu|u_forwardToMem                                            ; 12    ; 0              ; 0            ; 0              ; 1      ; 0               ; 0             ; 0               ; 0     ; 0              ; 0            ; 0                ; 0                 ;
; u_cpu|u_forwardToEX                                             ; 28    ; 0              ; 0            ; 0              ; 5      ; 0               ; 0             ; 0               ; 0     ; 0              ; 0            ; 0                ; 0                 ;
; u_cpu|u_mem_wb_buffer                                           ; 79    ; 0              ; 0            ; 0              ; 76     ; 0               ; 0             ; 0               ; 0     ; 0              ; 0            ; 0                ; 0                 ;
; u_cpu|u_memory|dmem_bank3                                       ; 26    ; 0              ; 1            ; 0              ; 8      ; 0               ; 0             ; 0               ; 0     ; 0              ; 0            ; 0                ; 0                 ;
; u_cpu|u_memory|dmem_bank2                                       ; 26    ; 0              ; 1            ; 0              ; 8      ; 0               ; 0             ; 0               ; 0     ; 0              ; 0            ; 0                ; 0                 ;
; u_cpu|u_memory|dmem_bank1                                       ; 26    ; 0              ; 1            ; 0              ; 8      ; 0               ; 0             ; 0               ; 0     ; 0              ; 0            ; 0                ; 0                 ;
; u_cpu|u_memory|dmem_bank0                                       ; 26    ; 0              ; 1            ; 0              ; 8      ; 0               ; 0             ; 0               ; 0     ; 0              ; 0            ; 0                ; 0                 ;
; u_cpu|u_memory                                                  ; 210   ; 0              ; 5            ; 0              ; 65     ; 0               ; 0             ; 0               ; 66    ; 0              ; 0            ; 0                ; 0                 ;
; u_cpu|u_ex_m_buffer                                             ; 151   ; 0              ; 0            ; 0              ; 147    ; 0               ; 0             ; 0               ; 0     ; 0              ; 0            ; 0                ; 0                 ;
; u_cpu|u_execute|u_alu                                           ; 68    ; 0              ; 0            ; 0              ; 32     ; 0               ; 0             ; 0               ; 0     ; 0              ; 0            ; 0                ; 0                 ;
; u_cpu|u_execute                                                 ; 208   ; 0              ; 0            ; 0              ; 129    ; 0               ; 0             ; 0               ; 0     ; 0              ; 0            ; 0                ; 0                 ;
; u_cpu|u_id_ex_buffer                                            ; 168   ; 0              ; 0            ; 0              ; 164    ; 0               ; 0             ; 0               ; 0     ; 0              ; 0            ; 0                ; 0                 ;
; u_cpu|u_decode|u_control                                        ; 17    ; 0              ; 0            ; 0              ; 24     ; 0               ; 0             ; 0               ; 0     ; 0              ; 0            ; 0                ; 0                 ;
; u_cpu|u_decode                                                  ; 104   ; 0              ; 32           ; 0              ; 132    ; 0               ; 0             ; 0               ; 0     ; 0              ; 0            ; 0                ; 0                 ;
; u_cpu|u_if_id_buffer                                            ; 68    ; 0              ; 0            ; 0              ; 64     ; 0               ; 0             ; 0               ; 0     ; 0              ; 0            ; 0                ; 0                 ;
; u_cpu|u_fetch|pc_and_branch                                     ; 38    ; 2              ; 0            ; 2              ; 32     ; 2               ; 2             ; 2               ; 0     ; 0              ; 0            ; 0                ; 0                 ;
; u_cpu|u_fetch|dmem_bank3                                        ; 26    ; 0              ; 1            ; 0              ; 8      ; 0               ; 0             ; 0               ; 0     ; 0              ; 0            ; 0                ; 0                 ;
; u_cpu|u_fetch|dmem_bank2                                        ; 26    ; 0              ; 1            ; 0              ; 8      ; 0               ; 0             ; 0               ; 0     ; 0              ; 0            ; 0                ; 0                 ;
; u_cpu|u_fetch|dmem_bank1                                        ; 26    ; 0              ; 1            ; 0              ; 8      ; 0               ; 0             ; 0               ; 0     ; 0              ; 0            ; 0                ; 0                 ;
; u_cpu|u_fetch|dmem_bank0                                        ; 26    ; 0              ; 1            ; 0              ; 8      ; 0               ; 0             ; 0               ; 0     ; 0              ; 0            ; 0                ; 0                 ;
; u_cpu|u_fetch                                                   ; 89    ; 0              ; 1            ; 0              ; 64     ; 0               ; 0             ; 0               ; 0     ; 0              ; 0            ; 0                ; 0                 ;
; u_cpu                                                           ; 86    ; 0              ; 0            ; 0              ; 0      ; 0               ; 0             ; 0               ; 66    ; 0              ; 0            ; 0                ; 0                 ;
; u_SEG7|u5                                                       ; 4     ; 0              ; 0            ; 0              ; 7      ; 0               ; 0             ; 0               ; 0     ; 0              ; 0            ; 0                ; 0                 ;
; u_SEG7|u4                                                       ; 4     ; 0              ; 0            ; 0              ; 7      ; 0               ; 0             ; 0               ; 0     ; 0              ; 0            ; 0                ; 0                 ;
; u_SEG7|u3                                                       ; 4     ; 0              ; 0            ; 0              ; 7      ; 0               ; 0             ; 0               ; 0     ; 0              ; 0            ; 0                ; 0                 ;
; u_SEG7|u2                                                       ; 4     ; 0              ; 0            ; 0              ; 7      ; 0               ; 0             ; 0               ; 0     ; 0              ; 0            ; 0                ; 0                 ;
; u_SEG7|u1                                                       ; 4     ; 0              ; 0            ; 0              ; 7      ; 0               ; 0             ; 0               ; 0     ; 0              ; 0            ; 0                ; 0                 ;
; u_SEG7|u0                                                       ; 4     ; 0              ; 0            ; 0              ; 7      ; 0               ; 0             ; 0               ; 0     ; 0              ; 0            ; 0                ; 0                 ;
; u_SEG7                                                          ; 24    ; 0              ; 0            ; 0              ; 42     ; 0               ; 0             ; 0               ; 0     ; 0              ; 0            ; 0                ; 0                 ;
; u_bootloader                                                    ; 35    ; 0              ; 24           ; 0              ; 75     ; 0               ; 0             ; 0               ; 66    ; 0              ; 0            ; 0                ; 0                 ;
; u2                                                              ; 2     ; 0              ; 0            ; 0              ; 5      ; 0               ; 0             ; 0               ; 0     ; 0              ; 0            ; 0                ; 0                 ;
+-----------------------------------------------------------------+-------+----------------+--------------+----------------+--------+-----------------+---------------+-----------------+-------+----------------+--------------+------------------+-------------------+
